time	time	departures_all	arrivals_all	stuck_all	en-route_all	departures_car	arrivals_car	stuck_car	en-route_car
00:00:00	0	0	0	0	0	0	0	0	0
00:05:00	300	0	0	0	0	0	0	0	0
00:10:00	600	0	0	0	0	0	0	0	0
00:15:00	900	0	0	0	0	0	0	0	0
00:20:00	1200	0	0	0	0	0	0	0	0
00:25:00	1500	0	0	0	0	0	0	0	0
00:30:00	1800	0	0	0	0	0	0	0	0
00:35:00	2100	0	0	0	0	0	0	0	0
00:40:00	2400	0	0	0	0	0	0	0	0
00:45:00	2700	0	0	0	0	0	0	0	0
00:50:00	3000	0	0	0	0	0	0	0	0
00:55:00	3300	0	0	0	0	0	0	0	0
01:00:00	3600	0	0	0	0	0	0	0	0
01:05:00	3900	0	0	0	0	0	0	0	0
01:10:00	4200	0	0	0	0	0	0	0	0
01:15:00	4500	0	0	0	0	0	0	0	0
01:20:00	4800	0	0	0	0	0	0	0	0
01:25:00	5100	0	0	0	0	0	0	0	0
01:30:00	5400	0	0	0	0	0	0	0	0
01:35:00	5700	0	0	0	0	0	0	0	0
01:40:00	6000	0	0	0	0	0	0	0	0
01:45:00	6300	0	0	0	0	0	0	0	0
01:50:00	6600	0	0	0	0	0	0	0	0
01:55:00	6900	0	0	0	0	0	0	0	0
02:00:00	7200	0	0	0	0	0	0	0	0
02:05:00	7500	0	0	0	0	0	0	0	0
02:10:00	7800	0	0	0	0	0	0	0	0
02:15:00	8100	0	0	0	0	0	0	0	0
02:20:00	8400	0	0	0	0	0	0	0	0
02:25:00	8700	0	0	0	0	0	0	0	0
02:30:00	9000	0	0	0	0	0	0	0	0
02:35:00	9300	0	0	0	0	0	0	0	0
02:40:00	9600	0	0	0	0	0	0	0	0
02:45:00	9900	0	0	0	0	0	0	0	0
02:50:00	10200	0	0	0	0	0	0	0	0
02:55:00	10500	0	0	0	0	0	0	0	0
03:00:00	10800	0	0	0	0	0	0	0	0
03:05:00	11100	0	0	0	0	0	0	0	0
03:10:00	11400	0	0	0	0	0	0	0	0
03:15:00	11700	0	0	0	0	0	0	0	0
03:20:00	12000	0	0	0	0	0	0	0	0
03:25:00	12300	0	0	0	0	0	0	0	0
03:30:00	12600	0	0	0	0	0	0	0	0
03:35:00	12900	0	0	0	0	0	0	0	0
03:40:00	13200	0	0	0	0	0	0	0	0
03:45:00	13500	0	0	0	0	0	0	0	0
03:50:00	13800	0	0	0	0	0	0	0	0
03:55:00	14100	0	0	0	0	0	0	0	0
04:00:00	14400	0	0	0	0	0	0	0	0
04:05:00	14700	0	0	0	0	0	0	0	0
04:10:00	15000	0	0	0	0	0	0	0	0
04:15:00	15300	0	0	0	0	0	0	0	0
04:20:00	15600	0	0	0	0	0	0	0	0
04:25:00	15900	0	0	0	0	0	0	0	0
04:30:00	16200	0	0	0	0	0	0	0	0
04:35:00	16500	0	0	0	0	0	0	0	0
04:40:00	16800	0	0	0	0	0	0	0	0
04:45:00	17100	0	0	0	0	0	0	0	0
04:50:00	17400	0	0	0	0	0	0	0	0
04:55:00	17700	0	0	0	0	0	0	0	0
05:00:00	18000	0	0	0	0	0	0	0	0
05:05:00	18300	0	0	0	0	0	0	0	0
05:10:00	18600	0	0	0	0	0	0	0	0
05:15:00	18900	0	0	0	0	0	0	0	0
05:20:00	19200	0	0	0	0	0	0	0	0
05:25:00	19500	0	0	0	0	0	0	0	0
05:30:00	19800	0	0	0	0	0	0	0	0
05:35:00	20100	0	0	0	0	0	0	0	0
05:40:00	20400	0	0	0	0	0	0	0	0
05:45:00	20700	0	0	0	0	0	0	0	0
05:50:00	21000	0	0	0	0	0	0	0	0
05:55:00	21300	0	0	0	0	0	0	0	0
06:00:00	21600	0	0	0	0	0	0	0	0
06:05:00	21900	0	0	0	0	0	0	0	0
06:10:00	22200	0	0	0	0	0	0	0	0
06:15:00	22500	0	0	0	0	0	0	0	0
06:20:00	22800	0	0	0	0	0	0	0	0
06:25:00	23100	0	0	0	0	0	0	0	0
06:30:00	23400	0	0	0	0	0	0	0	0
06:35:00	23700	0	0	0	0	0	0	0	0
06:40:00	24000	0	0	0	0	0	0	0	0
06:45:00	24300	0	0	0	0	0	0	0	0
06:50:00	24600	0	0	0	0	0	0	0	0
06:55:00	24900	0	0	0	0	0	0	0	0
07:00:00	25200	107	58	0	49	107	58	0	49
07:05:00	25500	123	49	0	123	123	49	0	123
07:10:00	25800	119	52	0	190	119	52	0	190
07:15:00	26100	105	49	0	246	105	49	0	246
07:20:00	26400	90	50	0	286	90	50	0	286
07:25:00	26700	89	52	0	323	89	52	0	323
07:30:00	27000	88	47	0	364	88	47	0	364
07:35:00	27300	115	51	0	428	115	51	0	428
07:40:00	27600	106	49	0	485	106	49	0	485
07:45:00	27900	112	52	0	545	112	52	0	545
07:50:00	28200	91	48	0	588	91	48	0	588
07:55:00	28500	105	51	0	642	105	51	0	642
08:00:00	28800	88	51	0	679	88	51	0	679
08:05:00	29100	116	50	0	745	116	50	0	745
08:10:00	29400	89	49	0	785	89	49	0	785
08:15:00	29700	101	49	0	837	101	49	0	837
08:20:00	30000	91	52	0	876	91	52	0	876
08:25:00	30300	95	50	0	921	95	50	0	921
08:30:00	30600	88	49	0	960	88	49	0	960
08:35:00	30900	95	52	0	1003	95	52	0	1003
08:40:00	31200	95	48	0	1050	95	48	0	1050
08:45:00	31500	105	50	0	1105	105	50	0	1105
08:50:00	31800	92	49	0	1148	92	49	0	1148
08:55:00	32100	95	52	0	1191	95	52	0	1191
09:00:00	32400	89	49	0	1231	89	49	0	1231
09:05:00	32700	101	50	0	1282	101	50	0	1282
09:10:00	33000	93	51	0	1324	93	51	0	1324
09:15:00	33300	85	48	0	1361	85	48	0	1361
09:20:00	33600	95	51	0	1405	95	51	0	1405
09:25:00	33900	102	49	0	1458	102	49	0	1458
09:30:00	34200	111	52	0	1517	111	52	0	1517
09:35:00	34500	94	50	0	1561	94	50	0	1561
09:40:00	34800	80	49	0	1592	80	49	0	1592
09:45:00	35100	83	52	0	1623	83	52	0	1623
09:50:00	35400	110	48	0	1685	110	48	0	1685
09:55:00	35700	88	50	0	1723	88	50	0	1723
10:00:00	36000	86	49	0	1760	86	49	0	1760
10:05:00	36300	99	52	0	1807	99	52	0	1807
10:10:00	36600	83	48	0	1842	83	48	0	1842
10:15:00	36900	82	51	0	1873	82	51	0	1873
10:20:00	37200	98	51	0	1920	98	51	0	1920
10:25:00	37500	90	50	0	1960	90	50	0	1960
10:30:00	37800	90	49	0	2001	90	49	0	2001
10:35:00	38100	81	49	0	2033	81	49	0	2033
10:40:00	38400	92	52	0	2073	92	52	0	2073
10:45:00	38700	101	50	0	2124	101	50	0	2124
10:50:00	39000	83	48	0	2159	83	48	0	2159
10:55:00	39300	70	53	0	2176	70	53	0	2176
11:00:00	39600	83	47	0	2212	83	47	0	2212
11:05:00	39900	91	51	0	2252	91	51	0	2252
11:10:00	40200	83	49	0	2286	83	49	0	2286
11:15:00	40500	74	52	0	2308	74	52	0	2308
11:20:00	40800	87	50	0	2345	87	50	0	2345
11:25:00	41100	99	49	0	2395	99	49	0	2395
11:30:00	41400	95	52	0	2438	95	52	0	2438
11:35:00	41700	74	47	0	2465	74	47	0	2465
11:40:00	42000	97	51	0	2511	97	51	0	2511
11:45:00	42300	90	49	0	2552	90	49	0	2552
11:50:00	42600	92	51	0	2593	92	51	0	2593
11:55:00	42900	89	51	0	2631	89	51	0	2631
12:00:00	43200	119	49	0	2701	119	49	0	2701
12:05:00	43500	99	52	0	2748	99	52	0	2748
12:10:00	43800	112	48	0	2812	112	48	0	2812
12:15:00	44100	90	50	0	2852	90	50	0	2852
12:20:00	44400	83	49	0	2886	83	49	0	2886
12:25:00	44700	88	52	0	2922	88	52	0	2922
12:30:00	45000	84	50	0	2956	84	50	0	2956
12:35:00	45300	87	49	0	2994	87	49	0	2994
12:40:00	45600	75	52	0	3017	75	52	0	3017
12:45:00	45900	81	49	0	3049	81	49	0	3049
12:50:00	46200	81	49	0	3081	81	49	0	3081
12:55:00	46500	84	49	0	3116	84	49	0	3116
13:00:00	46800	89	52	0	3153	89	52	0	3153
13:05:00	47100	79	49	0	3183	79	49	0	3183
13:10:00	47400	90	49	0	3224	90	49	0	3224
13:15:00	47700	87	53	0	3258	87	53	0	3258
13:20:00	48000	86	48	0	3296	86	48	0	3296
13:25:00	48300	91	50	0	3337	91	50	0	3337
13:30:00	48600	92	49	0	3380	92	49	0	3380
13:35:00	48900	111	52	0	3439	111	52	0	3439
13:40:00	49200	92	50	0	3481	92	50	0	3481
13:45:00	49500	88	49	0	3520	88	49	0	3520
13:50:00	49800	97	51	0	3566	97	51	0	3566
13:55:00	50100	95	49	0	3612	95	49	0	3612
14:00:00	50400	111	50	0	3673	111	50	0	3673
14:05:00	50700	90	49	0	3714	90	49	0	3714
14:10:00	51000	80	52	0	3742	80	52	0	3742
14:15:00	51300	90	49	0	3783	90	49	0	3783
14:20:00	51600	103	50	0	3836	103	50	0	3836
14:25:00	51900	94	51	0	3879	94	51	0	3879
14:30:00	52200	96	49	0	3926	96	49	0	3926
14:35:00	52500	93	50	0	3969	93	50	0	3969
14:40:00	52800	105	49	0	4025	105	49	0	4025
14:45:00	53100	95	51	0	4069	95	51	0	4069
14:50:00	53400	106	50	0	4125	106	50	0	4125
14:55:00	53700	84	50	0	4159	84	50	0	4159
15:00:00	54000	93	51	0	4201	93	51	0	4201
15:05:00	54300	99	48	0	4252	99	48	0	4252
15:10:00	54600	84	51	0	4285	84	51	0	4285
15:15:00	54900	81	49	0	4317	81	49	0	4317
15:20:00	55200	92	52	0	4357	92	52	0	4357
15:25:00	55500	88	50	0	4395	88	50	0	4395
15:30:00	55800	83	49	0	4429	83	49	0	4429
15:35:00	56100	102	52	0	4479	102	52	0	4479
15:40:00	56400	83	48	0	4514	83	48	0	4514
15:45:00	56700	97	50	0	4561	97	50	0	4561
15:50:00	57000	83	49	0	4595	83	49	0	4595
15:55:00	57300	94	51	0	4638	94	51	0	4638
16:00:00	57600	86	51	0	4673	86	51	0	4673
16:05:00	57900	87	49	0	4711	87	49	0	4711
16:10:00	58200	102	52	0	4761	102	52	0	4761
16:15:00	58500	89	48	0	4802	89	48	0	4802
16:20:00	58800	95	50	0	4847	95	50	0	4847
16:25:00	59100	94	49	0	4892	94	49	0	4892
16:30:00	59400	97	51	0	4938	97	51	0	4938
16:35:00	59700	79	51	0	4966	79	51	0	4966
16:40:00	60000	97	49	0	5014	97	49	0	5014
16:45:00	60300	78	52	0	5040	78	52	0	5040
16:50:00	60600	79	48	0	5071	79	48	0	5071
16:55:00	60900	95	50	0	5116	95	50	0	5116
17:00:00	61200	96	48	0	5164	96	48	0	5164
17:05:00	61500	91	53	0	5202	91	53	0	5202
17:10:00	61800	96	49	0	5249	96	49	0	5249
17:15:00	62100	85	50	0	5284	85	50	0	5284
17:20:00	62400	88	51	0	5321	88	51	0	5321
17:25:00	62700	94	48	0	5367	94	48	0	5367
17:30:00	63000	103	51	0	5419	103	51	0	5419
17:35:00	63300	84	49	0	5454	84	49	0	5454
17:40:00	63600	95	51	0	5498	95	51	0	5498
17:45:00	63900	78	51	0	5525	78	51	0	5525
17:50:00	64200	81	49	0	5557	81	49	0	5557
17:55:00	64500	100	51	0	5606	100	51	0	5606
18:00:00	64800	1	158	0	5449	1	158	0	5449
18:05:00	65100	0	148	0	5301	0	148	0	5301
18:10:00	65400	0	160	0	5141	0	160	0	5141
18:15:00	65700	0	161	0	4980	0	161	0	4980
18:20:00	66000	0	161	0	4819	0	161	0	4819
18:25:00	66300	0	160	0	4659	0	160	0	4659
18:30:00	66600	0	168	0	4491	0	168	0	4491
18:35:00	66900	0	175	0	4316	0	175	0	4316
18:40:00	67200	0	164	0	4152	0	164	0	4152
18:45:00	67500	0	156	0	3996	0	156	0	3996
18:50:00	67800	0	154	0	3842	0	154	0	3842
18:55:00	68100	0	156	0	3686	0	156	0	3686
19:00:00	68400	0	153	0	3533	0	153	0	3533
19:05:00	68700	0	160	0	3373	0	160	0	3373
19:10:00	69000	0	151	0	3222	0	151	0	3222
19:15:00	69300	0	163	0	3059	0	163	0	3059
19:20:00	69600	0	160	0	2899	0	160	0	2899
19:25:00	69900	0	149	0	2750	0	149	0	2750
19:30:00	70200	0	145	0	2605	0	145	0	2605
19:35:00	70500	0	154	0	2451	0	154	0	2451
19:40:00	70800	0	139	0	2312	0	139	0	2312
19:45:00	71100	0	139	0	2173	0	139	0	2173
19:50:00	71400	0	137	0	2036	0	137	0	2036
19:55:00	71700	0	113	0	1923	0	113	0	1923
20:00:00	72000	0	99	0	1824	0	99	0	1824
20:05:00	72300	0	99	0	1725	0	99	0	1725
20:10:00	72600	0	101	0	1624	0	101	0	1624
20:15:00	72900	0	101	0	1523	0	101	0	1523
20:20:00	73200	0	100	0	1423	0	100	0	1423
20:25:00	73500	0	100	0	1323	0	100	0	1323
20:30:00	73800	0	98	0	1225	0	98	0	1225
20:35:00	74100	0	102	0	1123	0	102	0	1123
20:40:00	74400	0	99	0	1024	0	99	0	1024
20:45:00	74700	0	100	0	924	0	100	0	924
20:50:00	75000	0	99	0	825	0	99	0	825
20:55:00	75300	0	102	0	723	0	102	0	723
21:00:00	75600	0	100	0	623	0	100	0	623
21:05:00	75900	0	100	0	523	0	100	0	523
21:10:00	76200	0	99	0	424	0	99	0	424
21:15:00	76500	0	101	0	323	0	101	0	323
21:20:00	76800	0	98	0	225	0	98	0	225
21:25:00	77100	0	101	0	124	0	101	0	124
21:30:00	77400	0	82	0	42	0	82	0	42
21:35:00	77700	0	42	0	0	0	42	0	0
21:40:00	78000	0	0	0	0	0	0	0	0
21:45:00	78300	0	0	0	0	0	0	0	0
21:50:00	78600	0	0	0	0	0	0	0	0
21:55:00	78900	0	0	0	0	0	0	0	0
22:00:00	79200	0	0	0	0	0	0	0	0
22:05:00	79500	0	0	0	0	0	0	0	0
22:10:00	79800	0	0	0	0	0	0	0	0
22:15:00	80100	0	0	0	0	0	0	0	0
22:20:00	80400	0	0	0	0	0	0	0	0
22:25:00	80700	0	0	0	0	0	0	0	0
22:30:00	81000	0	0	0	0	0	0	0	0
22:35:00	81300	0	0	0	0	0	0	0	0
22:40:00	81600	0	0	0	0	0	0	0	0
22:45:00	81900	0	0	0	0	0	0	0	0
22:50:00	82200	0	0	0	0	0	0	0	0
22:55:00	82500	0	0	0	0	0	0	0	0
23:00:00	82800	0	0	0	0	0	0	0	0
23:05:00	83100	0	0	0	0	0	0	0	0
23:10:00	83400	0	0	0	0	0	0	0	0
23:15:00	83700	0	0	0	0	0	0	0	0
23:20:00	84000	0	0	0	0	0	0	0	0
23:25:00	84300	0	0	0	0	0	0	0	0
23:30:00	84600	0	0	0	0	0	0	0	0
23:35:00	84900	0	0	0	0	0	0	0	0
23:40:00	85200	0	0	0	0	0	0	0	0
23:45:00	85500	0	0	0	0	0	0	0	0
23:50:00	85800	0	0	0	0	0	0	0	0
23:55:00	86100	0	0	0	0	0	0	0	0
24:00:00	86400	0	0	0	0	0	0	0	0
24:05:00	86700	0	0	0	0	0	0	0	0
24:10:00	87000	0	0	0	0	0	0	0	0
24:15:00	87300	0	0	0	0	0	0	0	0
24:20:00	87600	0	0	0	0	0	0	0	0
24:25:00	87900	0	0	0	0	0	0	0	0
24:30:00	88200	0	0	0	0	0	0	0	0
24:35:00	88500	0	0	0	0	0	0	0	0
24:40:00	88800	0	0	0	0	0	0	0	0
24:45:00	89100	0	0	0	0	0	0	0	0
24:50:00	89400	0	0	0	0	0	0	0	0
24:55:00	89700	0	0	0	0	0	0	0	0
25:00:00	90000	0	0	0	0	0	0	0	0
25:05:00	90300	0	0	0	0	0	0	0	0
25:10:00	90600	0	0	0	0	0	0	0	0
25:15:00	90900	0	0	0	0	0	0	0	0
25:20:00	91200	0	0	0	0	0	0	0	0
25:25:00	91500	0	0	0	0	0	0	0	0
25:30:00	91800	0	0	0	0	0	0	0	0
25:35:00	92100	0	0	0	0	0	0	0	0
25:40:00	92400	0	0	0	0	0	0	0	0
25:45:00	92700	0	0	0	0	0	0	0	0
25:50:00	93000	0	0	0	0	0	0	0	0
25:55:00	93300	0	0	0	0	0	0	0	0
26:00:00	93600	0	0	0	0	0	0	0	0
26:05:00	93900	0	0	0	0	0	0	0	0
26:10:00	94200	0	0	0	0	0	0	0	0
26:15:00	94500	0	0	0	0	0	0	0	0
26:20:00	94800	0	0	0	0	0	0	0	0
26:25:00	95100	0	0	0	0	0	0	0	0
26:30:00	95400	0	0	0	0	0	0	0	0
26:35:00	95700	0	0	0	0	0	0	0	0
26:40:00	96000	0	0	0	0	0	0	0	0
26:45:00	96300	0	0	0	0	0	0	0	0
26:50:00	96600	0	0	0	0	0	0	0	0
26:55:00	96900	0	0	0	0	0	0	0	0
27:00:00	97200	0	0	0	0	0	0	0	0
27:05:00	97500	0	0	0	0	0	0	0	0
27:10:00	97800	0	0	0	0	0	0	0	0
27:15:00	98100	0	0	0	0	0	0	0	0
27:20:00	98400	0	0	0	0	0	0	0	0
27:25:00	98700	0	0	0	0	0	0	0	0
27:30:00	99000	0	0	0	0	0	0	0	0
27:35:00	99300	0	0	0	0	0	0	0	0
27:40:00	99600	0	0	0	0	0	0	0	0
27:45:00	99900	0	0	0	0	0	0	0	0
27:50:00	100200	0	0	0	0	0	0	0	0
27:55:00	100500	0	0	0	0	0	0	0	0
28:00:00	100800	0	0	0	0	0	0	0	0
28:05:00	101100	0	0	0	0	0	0	0	0
28:10:00	101400	0	0	0	0	0	0	0	0
28:15:00	101700	0	0	0	0	0	0	0	0
28:20:00	102000	0	0	0	0	0	0	0	0
28:25:00	102300	0	0	0	0	0	0	0	0
28:30:00	102600	0	0	0	0	0	0	0	0
28:35:00	102900	0	0	0	0	0	0	0	0
28:40:00	103200	0	0	0	0	0	0	0	0
28:45:00	103500	0	0	0	0	0	0	0	0
28:50:00	103800	0	0	0	0	0	0	0	0
28:55:00	104100	0	0	0	0	0	0	0	0
29:00:00	104400	0	0	0	0	0	0	0	0
29:05:00	104700	0	0	0	0	0	0	0	0
29:10:00	105000	0	0	0	0	0	0	0	0
29:15:00	105300	0	0	0	0	0	0	0	0
29:20:00	105600	0	0	0	0	0	0	0	0
29:25:00	105900	0	0	0	0	0	0	0	0
29:30:00	106200	0	0	0	0	0	0	0	0
29:35:00	106500	0	0	0	0	0	0	0	0
29:40:00	106800	0	0	0	0	0	0	0	0
29:45:00	107100	0	0	0	0	0	0	0	0
29:50:00	107400	0	0	0	0	0	0	0	0
29:55:00	107700	0	0	0	0	0	0	0	0
30:00:00	108000	0	0	0	0	0	0	0	0
30:05:00	108300	0	0	0	0	0	0	0	0
